-0.289083;0.097003;0.627847;10.024654;0
-0.281096;0.094643;0.633690;10.024654;0
-0.272561;0.087660;0.633690;10.024654;0
-0.260421;0.069219;0.639025;10.024654;0
-0.250579;0.052929;0.639025;10.024654;0
-0.240564;0.048332;0.639025;10.024654;0
-0.230214;0.058195;0.643847;10.024654;0
-0.219351;0.074765;0.643847;10.024654;0
-0.208242;0.080671;0.648174;10.024654;0
-0.193464;0.086588;0.648174;10.024654;0
-0.182395;0.095463;0.652043;10.024654;0
-0.171139;0.108868;0.652043;10.024654;0
-0.160087;0.116782;0.655516;10.024654;0
-0.145660;0.106187;0.655516;10.024654;0
-0.135014;0.099720;0.658678;10.024654;0
-0.124651;0.099342;0.658678;10.024654;0
-0.114411;0.104197;0.661636;10.024654;0
-0.104804;0.103511;0.661636;10.024654;0
-0.092083;0.092500;0.661636;10.024654;0
-0.083319;0.090836;0.664519;10.024654;0
-0.074774;0.095372;0.664519;10.024654;0
-0.066596;0.104127;0.667474;10.024654;0
-0.058603;0.104388;0.667474;10.024654;0
-0.048633;0.092671;0.670663;10.024654;0
-0.041488;0.088696;0.670663;10.024654;0
-0.034694;0.092771;0.674261;10.024654;0
-0.028307;0.096107;0.674261;10.024654;0
-0.022211;0.085602;0.678445;10.024654;0
-0.014600;0.072130;0.678445;10.024654;0
-0.009067;0.071745;0.683392;10.024654;0
-0.003797;0.080215;0.683392;10.024654;0
0.001167;0.087547;0.689269;10.024654;0
0.005936;0.080276;0.689269;10.024654;0
0.011914;0.065729;0.696223;10.024654;0
0.016285;0.062704;0.696223;10.024654;0
0.020380;0.070589;0.704372;10.024654;0
0.024248;0.083489;0.704372;10.024654;0
0.028117;0.086394;0.713801;10.024654;0
0.032905;0.087518;0.713801;10.024654;0
0.036426;0.091450;0.724547;10.024654;0
0.039822;0.094703;0.724547;10.024654;0
0.043302;0.086523;0.736599;10.024654;0
0.046808;0.078469;0.736599;10.024654;0
0.051817;0.075509;0.736599;10.024654;0
0.056238;0.081658;0.749890;10.024654;0
0.061700;0.087201;0.749890;10.024654;0
0.068669;0.081773;0.764294;10.024654;0
-1.000000;0.073071;0.764294;10.024654;0
-1.000000;0.084335;0.779629;10.024654;0
-1.000000;0.097673;0.779629;10.024654;0
-1.000000;0.108422;0.779629;10.024654;0
-1.000000;0.108170;0.795675;10.024654;0
-1.000000;0.105535;0.795675;10.024654;0
-1.000000;0.106553;0.812197;10.024654;0
-1.000000;0.113823;0.812197;10.024654;0
-1.000000;0.117708;0.812197;10.024654;0
-1.000000;0.117053;0.828962;10.024654;0
-1.000000;0.117214;0.828962;10.024654;0
-1.000000;0.122494;0.828962;10.024654;0
-1.000000;0.128504;0.845741;10.024654;0
-1.000000;0.127961;0.845741;10.024654;0
-1.000000;0.127598;0.845741;10.024654;0
-1.000000;0.132080;0.862316;10.024654;0
-0.999498;0.141054;0.862316;10.024654;0
-0.983081;0.149555;0.862316;10.024654;0
-0.964287;0.148149;0.862316;10.024654;0
-0.938343;0.142595;0.878487;10.024654;0
-0.916204;0.141340;0.878487;10.024654;0
-0.893972;0.146375;0.878487;10.024654;0
-0.871677;0.154274;0.894071;10.024654;0
-0.848030;0.155341;0.894071;10.024654;0
-0.823772;0.155735;0.894071;10.024654;0
-0.790596;0.158717;0.894071;10.024654;0
-0.765448;0.165273;0.908905;10.024654;0
-0.739399;0.166376;0.908905;10.024654;0
-0.714047;0.160617;0.908905;10.024654;0
-0.680105;0.152370;0.922852;10.024654;0
-0.655159;0.149995;0.922852;10.024654;0
-0.630044;0.152995;0.922852;10.024654;0
-0.605143;0.156614;0.922852;10.024654;0
-0.574371;0.148971;0.935794;10.024654;0
-0.547358;0.144280;0.935794;10.024654;0
-0.523918;0.145514;0.935794;10.024654;0
-0.500944;0.144911;0.947638;10.024654;0
-0.478901;0.133122;0.947638;10.024654;0
-0.450026;0.118441;0.947638;10.024654;0
-0.429355;0.114600;0.947638;10.024654;0
-0.409374;0.118448;0.958313;10.024654;0
-0.389981;0.125387;0.958313;10.024654;0
-0.371169;0.122054;0.958313;10.024654;0
-0.346706;0.116674;0.967770;10.024654;0
-0.329128;0.118265;0.967770;10.024654;0
-0.312126;0.124652;0.967770;10.024654;0
-0.295619;0.123331;0.967770;10.024654;0
-0.279955;0.116128;0.975981;10.024654;0
-0.260356;0.112996;0.975981;10.024654;0
-0.245890;0.116117;0.975981;10.024654;0
-0.231585;0.118260;0.982938;10.024654;0
-0.217683;0.109735;0.982938;10.024654;0
-0.204522;0.096961;0.982938;10.024654;0
-0.191855;0.089305;0.982938;10.024654;0
-0.175566;0.091024;0.988652;10.024654;0
-0.163818;0.089780;0.988652;10.024654;0
-0.152667;0.085834;0.988652;10.024654;0
-0.141514;0.084199;0.988652;10.024654;0
-0.127758;0.089273;0.993149;10.024654;0
-0.117551;0.090688;0.993149;10.024654;0
-0.107494;0.081257;0.993149;10.024654;0
-0.097785;0.072957;0.996471;10.024654;0
-0.088711;0.073618;0.996471;10.024654;0
-0.076885;0.088035;0.996471;10.024654;0
-0.068186;0.100955;0.996471;10.024654;0
-0.059688;0.101626;0.998675;10.024654;0
-0.051308;0.091133;0.998675;10.024654;0
-0.040882;0.076615;0.998675;10.024654;0
-0.033189;0.071902;0.998675;10.024654;0
-0.025776;0.073084;0.998675;10.024654;0
-0.018738;0.068819;0.998675;10.024654;0
-0.011862;0.058506;0.998675;10.024654;0
-0.005296;0.050832;0.999826;10.024654;0
0.002864;0.050152;0.999826;10.024654;0
0.008514;0.056638;0.999826;10.024654;0
0.014008;0.063323;1.000000;10.024654;0
0.019252;0.058914;1.000000;10.024654;0
0.025750;0.052649;1.000000;10.024654;0
0.030333;0.053563;1.000000;10.024654;0
0.034627;0.060854;0.999278;10.024654;0
0.038654;0.070047;0.999278;10.024654;0
0.042457;0.067136;0.999278;10.024654;0
0.047126;0.059432;0.997747;10.024654;0
0.050342;0.058280;0.997747;10.024654;0
0.053436;0.063837;0.997747;10.024654;0
0.056444;0.069969;0.997747;10.024654;0
0.060332;0.059328;0.992609;10.024654;0
0.063884;0.047319;0.992609;10.024654;0
0.067592;0.043669;0.992609;10.024654;0
0.071966;0.049262;0.989178;10.024654;0
-0.028304;0.078269;0.989178;10.024654;0
-0.030166;0.081632;0.989178;10.024654;0
-0.032663;0.067784;0.989178;10.024654;0
-0.034608;0.059888;0.985271;10.024654;0
-0.036522;0.061854;0.985271;10.024654;0
-0.038364;0.074767;0.985271;10.024654;0
-0.040575;0.087376;0.985271;10.024654;0
-0.042059;0.093412;0.980931;10.024654;0
-0.043480;0.102213;0.980931;10.024654;0
-0.044730;0.111275;0.980931;10.024654;0
-0.045820;0.086961;0.976177;10.024654;0
-0.046435;0.054065;0.976177;10.024654;0
-0.046902;0.032022;0.976177;10.024654;0
-0.047266;0.029649;0.976177;10.024654;0
-0.047568;0.049477;0.971009;10.024654;0
-0.047827;0.094797;0.971009;10.024654;0
-0.047892;0.119339;0.971009;10.024654;0
-0.047914;0.141051;0.965413;10.024654;0
-0.047915;0.161335;0.965413;10.024654;0
-0.047903;0.183885;0.965413;10.024654;0
-0.047837;0.202539;0.965413;10.024654;0
-0.047547;0.197026;0.959372;10.024654;0
-0.047284;0.186444;0.959372;10.024654;0
-0.047062;0.181139;0.959372;10.024654;0
-0.046892;0.184186;0.952867;10.024654;0
-0.046664;0.185698;0.952867;10.024654;0
-0.046430;0.171022;0.952867;10.024654;0
-0.046244;0.158188;0.945888;10.024654;0
-0.046142;0.154532;0.945888;10.024654;0
-0.046133;0.159638;0.945888;10.024654;0
-0.046115;0.163896;0.938431;10.024654;0
-0.046046;0.149530;0.938431;10.024654;0
-0.046054;0.141901;0.938431;10.024654;0
-0.046163;0.144559;0.930512;10.024654;0
-0.046375;0.156736;0.930512;10.024654;0
-0.046672;0.166346;0.930512;10.024654;0
-0.046849;0.153170;0.922162;10.024654;0
-0.047062;0.140998;0.922162;10.024654;0
-0.047373;0.138093;0.922162;10.024654;0
-0.047745;0.140315;0.913438;10.024654;0
-0.048192;0.126379;0.913438;10.024654;0
-0.048584;0.118751;0.954158;10.024654;0
-0.049071;0.123757;0.954158;10.024654;0
-0.049654;0.140823;0.954158;10.024654;0
-0.050261;0.156683;0.948476;10.024654;0
-0.050990;0.149020;0.948476;10.024654;0
-0.051592;0.140408;0.948476;10.024654;0
-0.052275;0.139359;0.948476;10.024654;0
-0.053072;0.146327;0.948476;10.024654;0
-0.053894;0.150732;0.885928;10.024654;0
-0.054662;0.135638;0.876744;10.024654;0
-0.055800;0.114277;0.876744;10.024654;0
-0.056782;0.109998;0.876744;10.024654;0
-0.057891;0.116667;0.867827;10.024654;0
-0.059068;0.125312;0.867827;10.024654;0
-0.060629;0.113744;0.859369;10.024654;0
-0.061969;0.106232;0.859369;10.024654;0
-0.063442;0.108886;0.851575;10.024654;0
-0.065075;0.118952;0.851575;10.024654;0
-0.066715;0.115581;0.844652;10.024654;0
-0.069201;0.103388;0.844652;10.024654;0
-0.071322;0.102280;0.838798;10.024654;0
-0.073699;0.109766;0.838798;10.024654;0
-0.076408;0.122451;0.834197;10.024654;0
-0.079349;0.122512;0.834197;10.024654;0
-0.084034;0.099974;0.830997;10.024654;0
-0.088497;0.086945;0.830997;10.024654;0
-0.093959;0.083000;0.829305;10.024654;0
-0.101065;0.087492;0.829305;10.024654;0
0.543462;0.046432;0.829168;10.024654;0
0.556068;0.029932;0.829168;10.024654;0
0.573557;0.009419;0.830567;10.024654;0
0.587549;0.006416;0.830567;10.024654;0
0.601714;0.016420;0.833414;10.024654;0
0.616311;0.031550;0.833414;10.024654;0
0.630563;0.037460;0.837576;10.024654;0
0.648686;0.045980;0.837576;10.024654;0
0.661967;0.060694;0.842878;10.024654;0
0.674271;0.084013;0.842878;10.024654;0
0.685852;0.109716;0.849114;10.024654;0
0.699101;0.124419;0.849114;10.024654;0
0.707807;0.132325;0.856056;10.024654;0
0.714642;0.139716;0.856056;10.024654;0
0.719645;0.140493;0.856056;10.024654;0
0.722909;0.127939;0.863464;10.024654;0
0.724933;0.114674;0.871093;10.024654;0
0.724598;0.115465;0.871093;10.024654;0
0.722602;0.127228;0.878701;10.024654;0
0.718643;0.134686;0.878701;10.024654;0
0.713212;0.136578;0.878701;10.024654;0
0.703202;0.144869;0.886055;10.024654;0
0.693700;0.155077;0.886055;10.024654;0
0.681959;0.165938;0.892937;10.024654;0
0.669135;0.162668;0.892937;10.024654;0
0.655175;0.150884;0.892937;10.024654;0
0.640429;0.145066;0.899145;10.024654;0
0.625198;0.150901;0.899145;10.024654;0
0.604398;0.162630;0.899145;10.024654;0
0.587066;0.158280;0.904501;10.024654;0
0.569362;0.154992;0.904501;10.024654;0
0.551370;0.160280;0.908849;10.024654;0
0.533084;0.174717;0.908849;10.024654;0
0.508863;0.186037;0.908849;10.024654;0
0.489739;0.180922;0.912057;10.024654;0
0.471443;0.177422;0.912057;10.024654;0
0.453025;0.180932;0.914019;10.024654;0
0.435096;0.185028;0.914019;10.024654;0
0.412199;0.168410;0.914019;10.024654;0
0.395024;0.154623;0.914657;10.024654;0
0.378484;0.150133;0.914657;10.024654;0
0.362487;0.157792;0.914657;10.024654;0
0.347223;0.169960;0.913918;10.024654;0
0.327882;0.162191;0.913918;10.024654;0
0.314291;0.151102;0.911777;10.024654;0
0.300919;0.145440;0.911777;10.024654;0
0.288398;0.151033;0.911777;10.024654;0
0.276190;0.165389;0.908235;10.024654;0
0.263860;0.181571;0.908235;10.024654;0
0.249412;0.182139;0.903322;10.024654;0
0.239161;0.156216;0.903322;10.024654;0
0.229995;0.129440;0.903322;10.024654;0
0.221474;0.114226;0.897094;10.024654;0
0.213634;0.112615;0.897094;10.024654;0
0.206513;0.112174;0.889636;10.024654;0
0.198356;0.092871;0.889636;10.024654;0
0.193280;0.083437;0.889636;10.024654;0
0.188893;0.086892;0.881061;10.024654;0
0.185262;0.099579;0.881061;10.024654;0
0.182411;0.109705;0.871511;10.024654;0
0.180551;0.091666;0.871511;10.024654;0
0.181051;0.074390;0.861155;10.024654;0
0.183704;0.063017;0.861155;10.024654;0
0.189279;0.059348;0.861155;10.024654;0
0.480568;0.102227;0.850192;10.024654;0
0.474328;0.073654;0.850192;10.024654;0
0.470340;0.054133;0.838841;10.024654;0
0.467039;0.044288;0.838841;10.024654;0
0.464609;0.031110;0.838841;10.024654;0
0.462967;0.024061;0.827310;10.024654;0
0.461635;0.040481;0.827310;10.024654;0
0.460894;0.069670;0.815799;10.024654;0
0.460142;0.098069;0.815799;10.024654;0
0.459250;0.107349;0.804494;10.024654;0
0.458176;0.109135;0.804494;10.024654;0
0.456849;0.113647;0.804494;10.024654;0
0.454425;0.131651;0.793568;10.024654;0
0.451852;0.142165;0.793568;10.024654;0
0.448421;0.137163;0.783182;10.024654;0
0.444312;0.129311;0.783182;10.024654;0
0.439460;0.126730;0.773478;10.024654;0
0.431894;0.138630;0.773478;10.024654;0
0.424881;0.149002;0.773478;10.024654;0
0.417202;0.142580;0.764587;10.024654;0
0.408511;0.131189;0.764587;10.024654;0
0.396432;0.122876;0.756619;10.024654;0
0.386284;0.126486;0.756619;10.024654;0
0.375515;0.131773;0.749669;10.024654;0
0.364464;0.127173;0.749669;10.024654;0
0.353274;0.124738;0.749669;10.024654;0
0.337315;0.130614;0.743810;10.024654;0
0.325449;0.145588;0.743810;10.024654;0
0.313146;0.154029;0.739098;10.024654;0
0.300763;0.153014;0.739098;10.024654;0
0.288387;0.151723;0.735564;10.024654;0
0.271907;0.154499;0.735564;10.024654;0
0.259728;0.162217;0.733223;10.024654;0
0.247911;0.168215;0.733223;10.024654;0
0.235978;0.157126;0.732066;10.024654;0
0.220972;0.138797;0.732066;10.024654;0
0.210100;0.131369;0.732062;10.024654;0
0.199658;0.133487;0.732062;10.024654;0
0.189877;0.130298;0.733161;10.024654;0
0.180635;0.121834;0.733161;10.024654;0
0.171712;0.119027;0.735294;10.024654;0
0.160601;0.127325;0.735294;10.024654;0
0.152997;0.138908;0.738372;10.024654;0
0.145356;0.146000;0.738372;10.024654;0
0.138409;0.112482;0.738372;10.024654;0
0.132169;0.063436;0.742290;10.024654;0
0.125058;0.024025;0.746928;10.024654;0
0.120204;0.023707;0.746928;10.024654;0
0.115545;0.047495;0.752149;10.024654;0
0.111221;0.078524;0.752149;10.024654;0
0.107324;0.094253;0.757806;10.024654;0
0.102924;0.110685;0.757806;10.024654;0
0.099838;0.128763;0.763741;10.024654;0
0.097210;0.149304;0.763741;10.024654;0
0.095321;0.151655;0.769787;10.024654;0
0.094457;0.142031;0.769787;10.024654;0
0.648822;0.141671;0.769787;10.024654;0
0.649600;0.126080;0.775768;10.024654;0
0.650316;0.103573;0.775768;10.024654;0
0.651383;0.079575;0.781513;10.024654;0
0.652857;0.066132;0.781513;10.024654;0
0.655013;0.068992;0.786872;10.024654;0
0.656399;0.087736;0.786872;10.024654;0
0.657205;0.103910;0.791724;10.024654;0
0.657305;0.114811;0.791724;10.024654;0
0.656117;0.132401;0.795970;10.024654;0
0.653946;0.147133;0.795970;10.024654;0
0.650391;0.156055;0.799541;10.024654;0
0.645342;0.148648;0.799541;10.024654;0
0.638907;0.140005;0.799541;10.024654;0
0.628451;0.138133;0.802392;10.024654;0
0.618589;0.143806;0.802392;10.024654;0
0.607457;0.152443;0.804500;10.024654;0
0.594175;0.152518;0.804500;10.024654;0
0.579386;0.144931;0.804500;10.024654;0
0.558161;0.141352;0.805870;10.024654;0
0.540579;0.146489;0.805870;10.024654;0
0.521744;0.144070;0.806527;10.024654;0
0.501615;0.135623;0.806527;10.024654;0
0.480647;0.132017;0.806521;10.024654;0
0.451855;0.137959;0.806521;10.024654;0
0.429500;0.152870;0.806521;10.024654;0
0.406928;0.161379;0.805923;10.024654;0
0.383559;0.164011;0.805923;10.024654;0
0.359470;0.166114;0.804825;10.024654;0
0.327515;0.170026;0.804825;10.024654;0
0.303317;0.160780;0.804825;10.024654;0
0.280372;0.145177;0.803337;10.024654;0
0.257440;0.134407;0.803337;10.024654;0
0.234509;0.132736;0.801586;10.024654;0
0.205072;0.132608;0.801586;10.024654;0
0.183941;0.120156;0.799716;10.024654;0
0.163126;0.112611;0.799716;10.024654;0
0.143602;0.114182;0.799716;10.024654;0
0.118116;0.127889;0.797877;10.024654;0
0.099513;0.132226;0.797877;10.024654;0
0.082013;0.118854;0.796230;10.024654;0
0.063944;0.106516;0.796230;10.024654;0
0.047264;0.107996;0.794933;10.024654;0
0.025865;0.117723;0.794933;10.024654;0
0.010334;0.108722;0.794143;10.024654;0
-0.005055;0.097830;0.794143;10.024654;0
-0.019914;0.093700;0.794004;10.024654;0
-0.034632;0.101055;0.794004;10.024654;0
-0.054198;0.119867;0.794643;10.024654;0
-0.068827;0.116198;0.794643;10.024654;0
-0.082899;0.102022;0.796159;10.024654;0
-0.097162;0.089106;0.796159;10.024654;0
-0.116652;0.085597;0.798622;10.024654;0
-0.132227;0.092589;0.798622;10.024654;0
-0.147931;0.094103;0.802059;10.024654;0
-0.164976;0.078115;0.802059;10.024654;0
-0.184486;0.061013;0.806454;10.024654;0
-0.215123;0.053006;0.806454;10.024654;0
0.763158;0.041813;0.811739;10.024654;0
0.774608;0.037664;0.811739;10.024654;0
0.787882;0.025070;0.817799;10.024654;0
0.802182;0.015852;0.817799;10.024654;0
0.823303;0.015204;0.824478;10.024654;0
0.839797;0.014348;0.824478;10.024654;0
0.856771;0.014593;0.824478;10.024654;0
0.874160;0.022165;0.831589;10.024654;0
0.891019;0.036284;0.831589;10.024654;0
0.912846;0.060373;0.838927;10.024654;0
0.928791;0.072382;0.838927;10.024654;0
0.943098;0.072422;0.838927;10.024654;0
0.956341;0.072185;0.846276;10.024654;0
0.968571;0.075678;0.846276;10.024654;0
0.982295;0.086214;0.853418;10.024654;0
0.991008;0.088956;0.853418;10.024654;0
0.997701;0.087992;0.853418;10.024654;0
1.000000;0.090987;0.860138;10.024654;0
1.000000;0.098434;0.860138;10.024654;0
1.000000;0.113926;0.860138;10.024654;0
1.000000;0.121161;0.860138;10.024654;0
1.000000;0.115770;0.866230;10.024654;0
0.999451;0.109172;0.866230;10.024654;0
0.993595;0.106609;0.866230;10.024654;0
0.983659;0.112458;0.871505;10.024654;0
0.974664;0.122520;0.871505;10.024654;0
0.964012;0.130027;0.871505;10.024654;0
0.952117;0.127452;0.871505;10.024654;0
0.939217;0.125501;0.871505;10.024654;0
0.920518;0.132399;0.875787;10.024654;0
0.905192;0.144578;0.875787;10.024654;0
0.888750;0.154156;0.875787;10.024654;0
0.871239;0.153592;0.875787;10.024654;0
0.853374;0.153311;0.878921;10.024654;0
0.835264;0.156096;0.878921;10.024654;0
0.809697;0.165864;0.878921;10.024654;0
0.789795;0.164854;0.880776;10.024654;0
0.769532;0.156921;0.880776;10.024654;0
0.749165;0.151172;0.880776;10.024654;0
0.722509;0.152075;0.880776;10.024654;0
0.701573;0.158302;0.881241;10.024654;0
0.681625;0.167381;0.881241;10.024654;0
0.660744;0.169781;0.881241;10.024654;0
0.632850;0.162747;0.880229;10.024654;0
0.611906;0.157981;0.880229;10.024654;0
0.591601;0.156903;0.880229;10.024654;0
0.571563;0.160409;0.880229;10.024654;0
0.551772;0.164604;0.877676;10.024654;0
0.525764;0.156018;0.877676;10.024654;0
0.506955;0.148646;0.877676;10.024654;0
0.488364;0.144339;0.873544;10.024654;0
0.470322;0.145468;0.873544;10.024654;0
0.453390;0.153111;0.873544;10.024654;0
0.430986;0.160990;0.873544;10.024654;0
0.414592;0.154927;0.867819;10.024654;0
0.399115;0.148065;0.867819;10.024654;0
0.384265;0.143713;0.867819;10.024654;0
0.370014;0.145807;0.860512;10.024654;0
0.351824;0.142261;0.860512;10.024654;0
0.339029;0.131959;0.860512;10.024654;0
0.327118;0.124531;0.851658;10.024654;0
0.315392;0.124466;0.851658;10.024654;0
0.304399;0.134133;0.851658;10.024654;0
0.290594;0.146843;0.851658;10.024654;0
0.280753;0.143902;0.841318;10.024654;0
0.271277;0.139373;0.841318;10.024654;0
0.262467;0.138641;0.841318;10.024654;0
0.253973;0.140915;0.829579;10.024654;0
0.243644;0.133203;0.829579;10.024654;0
0.236351;0.121847;0.816553;10.024654;0
0.229838;0.115056;0.816553;10.024654;0
0.223706;0.113771;0.816553;10.024654;0
0.218037;0.119795;0.802380;10.024654;0
0.212995;0.120669;0.802380;10.024654;0
0.207255;0.107600;0.802380;10.024654;0
0.203878;0.101576;0.787226;10.024654;0
0.201483;0.105042;0.787226;10.024654;0
0.200179;0.106186;0.787226;10.024654;0
0.200422;0.102809;0.771286;10.024654;0
0.203928;0.103970;0.771286;10.024654;0
0.210037;0.111570;0.771286;10.024654;0
0.220406;0.109605;0.754785;10.024654;0
0.230782;0.086711;0.754785;10.024654;0
0.225231;0.079777;0.754785;10.024654;0
0.220751;0.078014;0.737967;10.024654;0
0.216771;0.085872;0.737967;10.024654;0
0.215097;0.091813;0.721078;10.024654;0
0.214493;0.087739;0.721078;10.024654;0
0.214930;0.083559;0.721078;10.024654;0
0.216240;0.083456;0.704354;10.024654;0
0.219029;0.090621;0.704354;10.024654;0
0.221728;0.086990;0.704354;10.024654;0
0.224604;0.078812;0.688019;10.024654;0
0.227550;0.074047;0.688019;10.024654;0
0.231001;0.080915;0.672288;10.024654;0
0.233115;0.090944;0.672288;10.024654;0
0.234672;0.087484;0.672288;10.024654;0
0.235575;0.063642;0.657361;10.024654;0
0.235834;0.034783;0.657361;10.024654;0
0.234946;0.017284;0.657361;10.024654;0
0.233213;0.018150;0.643428;10.024654;0
0.230597;0.021334;0.643428;10.024654;0
0.227078;0.036145;0.630660;10.024654;0
0.222502;0.063637;0.630660;10.024654;0
0.217049;0.098347;0.619213;10.024654;0
0.208358;0.133068;0.619213;10.024654;0
0.200927;0.143102;0.619213;10.024654;0
0.192629;0.146942;0.609224;10.024654;0
0.183700;0.147811;0.609224;10.024654;0
0.174418;0.150246;0.600805;10.024654;0
0.161561;0.147824;0.600805;10.024654;0
0.151464;0.130433;0.594048;10.024654;0
0.141313;0.114540;0.594048;10.024654;0
0.131298;0.107933;0.589016;10.024654;0
0.121285;0.107222;0.589016;10.024654;0
0.108323;0.092723;0.585746;10.024654;0
0.098923;0.083037;0.584248;10.024654;0
0.089390;0.078508;0.584248;10.024654;0
0.080400;0.082832;0.584502;10.024654;0
0.068807;0.099126;0.584502;10.024654;0
0.060315;0.099173;0.586465;10.024654;0
0.052176;0.093440;0.586465;10.024654;0
0.044359;0.088708;0.590066;10.024654;0
0.034480;0.091067;0.590066;10.024654;0
0.027198;0.100201;0.595216;10.024654;0
0.020272;0.103532;0.601803;10.024654;0
0.013765;0.091404;0.601803;10.024654;0
0.007698;0.079630;0.609704;10.024654;0
0.000167;0.074495;0.609704;10.024654;0
-0.005262;0.078820;0.618781;10.024654;0
-0.010648;0.082618;0.618781;10.024654;0
-0.015772;0.071771;0.628884;10.024654;0
-0.020762;0.057896;0.628884;10.024654;0
-0.027256;0.052361;0.639861;10.024654;0
-0.032475;0.061595;0.639861;10.024654;0
-0.038072;0.072349;0.651550;10.024654;0
0.682129;0.059575;0.651550;10.024654;0
0.688749;0.053920;0.663787;10.024654;0
0.695600;0.053232;0.663787;10.024654;0
0.705366;0.065837;0.676411;10.024654;0
0.712528;0.073428;0.676411;10.024654;0
0.719321;0.081003;0.689273;10.024654;0
0.725498;0.095437;0.689273;10.024654;0
0.730657;0.115177;0.689273;10.024654;0
0.735500;0.136540;0.702250;10.024654;0
0.737365;0.139177;0.702250;10.024654;0
0.737727;0.140597;0.715236;10.024654;0
0.736405;0.144934;0.715236;10.024654;0
0.733341;0.154217;0.728140;10.024654;0
0.726054;0.167585;0.728140;10.024654;0
0.717900;0.165770;0.728140;10.024654;0
0.707913;0.162119;0.740891;10.024654;0
0.696063;0.161899;0.740891;10.024654;0
0.676690;0.172055;0.753432;10.024654;0
0.659892;0.186476;0.753432;10.024654;0
0.641087;0.193723;0.753432;10.024654;0
0.620615;0.195460;0.765717;10.024654;0
0.598740;0.197339;0.765717;10.024654;0
0.575675;0.202329;0.777713;10.024654;0
0.543709;0.208557;0.777713;10.024654;0
0.518944;0.200030;0.777713;10.024654;0
0.494389;0.189957;0.789400;10.024654;0
0.469353;0.184278;0.789400;10.024654;0
0.441724;0.187572;0.800763;10.024654;0
0.410712;0.201454;0.800763;10.024654;0
0.386094;0.207605;0.800763;10.024654;0
0.361957;0.198263;0.811799;10.024654;0
0.339017;0.187797;0.811799;10.024654;0
0.309419;0.184341;0.822510;10.024654;0
0.287199;0.191058;0.822510;10.024654;0
0.266273;0.189996;0.832901;10.024654;0
0.246419;0.177137;0.832901;10.024654;0
0.227653;0.169327;0.832901;10.024654;0
0.210159;0.170375;0.842986;10.024654;0
0.188402;0.171324;0.842986;10.024654;0
0.172836;0.156161;0.852775;10.024654;0
0.158510;0.143317;0.852775;10.024654;0
0.144983;0.141943;0.852775;10.024654;0
0.131891;0.152125;0.862283;10.024654;0
0.115586;0.168393;0.862283;10.024654;0
0.103976;0.162652;0.871522;10.024654;0
0.092790;0.152264;0.871522;10.024654;0
0.082460;0.145962;0.880501;10.024654;0
0.072318;0.146263;0.880501;10.024654;0
0.062594;0.140617;0.880501;10.024654;0
0.050299;0.120676;0.889225;10.024654;0
0.041385;0.112897;0.889225;10.024654;0
0.032629;0.113927;0.897693;10.024654;0
0.024072;0.114390;0.897693;10.024654;0
0.015916;0.103667;0.905898;10.024654;0
0.008023;0.097535;0.905898;10.024654;0
-0.002694;0.101390;0.905898;10.024654;0
-0.010844;0.111744;0.913821;10.024654;0
-0.018950;0.115819;0.913821;10.024654;0
-0.026717;0.103275;0.921436;10.024654;0
-0.034877;0.089769;0.921436;10.024654;0
-0.046155;0.082371;0.921436;10.024654;0
-0.054913;0.085601;0.928704;10.024654;0
-0.064179;0.079778;0.928704;10.024654;0
-0.074336;0.067201;0.935575;10.024654;0
0.075030;0.070854;0.935575;10.024654;0
0.075155;0.059379;0.935575;10.024654;0
0.076229;0.044300;0.941990;10.024654;0
0.078061;0.024589;0.941990;10.024654;0
0.080629;0.010263;0.947877;10.024654;0
0.083691;0.013770;0.947877;10.024654;0
0.088566;0.044049;0.947877;10.024654;0
0.092556;0.069463;0.953162;10.024654;0
0.097035;0.077921;0.953162;10.024654;0
0.101522;0.080256;0.957767;10.024654;0
0.106084;0.083462;0.957767;10.024654;0
0.112174;0.096537;0.957767;10.024654;0
0.116697;0.103144;0.961618;10.024654;0
0.120895;0.093500;0.961618;10.024654;0
0.125016;0.081730;0.961618;10.024654;0
0.129923;0.080832;0.964643;10.024654;0
0.133465;0.095904;0.964643;10.024654;0
0.136467;0.110522;0.966781;10.024654;0
0.139062;0.110017;0.966781;10.024654;0
0.141279;0.103444;0.966781;10.024654;0
0.143013;0.102750;0.967978;10.024654;0
0.144669;0.110864;0.967978;10.024654;0
0.145465;0.119534;0.967978;10.024654;0
0.145899;0.112916;0.968195;10.024654;0
0.146023;0.104759;0.968195;10.024654;0
0.145746;0.105292;0.968195;10.024654;0
0.145232;0.115644;0.967403;10.024654;0
0.144458;0.130003;0.967403;10.024654;0
0.143451;0.132198;0.965591;10.024654;0
0.141973;0.121392;0.965591;10.024654;0
0.140670;0.117266;0.965591;10.024654;0
0.139315;0.120906;0.962762;10.024654;0
0.137880;0.129489;0.962762;10.024654;0
0.136384;0.131004;0.962762;10.024654;0
0.134428;0.120501;0.958939;10.024654;0
0.132995;0.118729;0.958939;10.024654;0
0.131589;0.124147;0.958939;10.024654;0
0.129717;0.132239;0.954158;10.024654;0
0.128461;0.128677;0.954158;10.024654;0
0.127345;0.115131;0.948476;10.024654;0
0.126286;0.105970;0.948476;10.024654;0
0.125228;0.107754;0.948476;10.024654;0
0.123853;0.125520;0.941966;10.024654;0
0.122868;0.134604;0.941966;10.024654;0
0.121950;0.125092;0.934717;10.024654;0
0.121131;0.114982;0.934717;10.024654;0
0.120137;0.116370;0.934717;10.024654;0
0.119433;0.121043;0.926836;10.024654;0
0.118831;0.114243;0.926836;10.024654;0
0.118336;0.109596;0.918442;10.024654;0
0.117922;0.117936;0.918442;10.024654;0
0.117508;0.132609;0.918442;10.024654;0
0.117334;0.126579;0.909667;10.024654;0
0.117290;0.119828;0.909667;10.024654;0
0.117347;0.118857;0.900652;10.024654;0
0.117507;0.125147;0.900652;10.024654;0
0.117939;0.128009;0.900652;10.024654;0
0.118557;0.111789;0.891546;10.024654;0
0.119456;0.095008;0.891546;10.024654;0
0.120655;0.086707;0.882497;10.024654;0
0.122104;0.088880;0.882497;10.024654;0
0.124591;0.092209;0.882497;10.024654;0
0.127126;0.079727;0.873651;10.024654;0
0.130371;0.064695;0.873651;10.024654;0
0.134661;0.028067;0.865144;10.024654;0
0.140325;-0.007483;0.865144;10.024654;0
0.148442;-0.045793;0.865144;10.024654;0
0.160694;-0.062243;0.857099;10.024654;0
-0.667841;-0.075669;0.857099;10.024654;0
-0.684469;-0.054647;0.849613;10.024654;0
-0.701537;-0.026807;0.849613;10.024654;0
-0.721155;0.003420;0.842758;10.024654;0
-0.748569;0.023343;0.842758;10.024654;0
-0.769755;0.033897;0.842758;10.024654;0
-0.791241;0.046137;0.836575;10.024654;0
-0.812731;0.062831;0.836575;10.024654;0
-0.833669;0.073768;0.836575;10.024654;0
-0.860153;0.077415;0.831076;10.024654;0
-0.879598;0.084203;0.831076;10.024654;0
-0.897569;0.094543;0.826248;10.024654;0
-0.914356;0.106450;0.826248;10.024654;0
-0.929048;0.110003;0.826248;10.024654;0
-0.944973;0.103920;0.822053;10.024654;0
-0.954594;0.100590;0.822053;10.024654;0
-0.961605;0.096311;0.822053;10.024654;0
-0.966343;0.085316;0.818430;10.024654;0
-0.968917;0.077685;0.818430;10.024654;0
-0.968747;0.080960;0.818430;10.024654;0
-0.965696;0.092446;0.815302;10.024654;0
-0.960042;0.102862;0.815302;10.024654;0
-0.951932;0.104403;0.815302;10.024654;0
-0.941395;0.105719;0.815302;10.024654;0
-0.928931;0.112303;0.815302;10.024654;0
-0.909586;0.129238;0.812579;10.024654;0
-0.891938;0.138216;0.812579;10.024654;0
-0.872220;0.136106;0.812579;10.024654;0
-0.851290;0.134539;0.810160;10.024654;0
-0.828993;0.136646;0.810160;10.024654;0
-0.797155;0.147225;0.810160;10.024654;0
-0.771936;0.156240;0.807938;10.024654;0
-0.745048;0.156265;0.807938;10.024654;0
-0.717331;0.149938;0.807938;10.024654;0
-0.689119;0.146839;0.807938;10.024654;0
-0.660534;0.149652;0.805802;10.024654;0
-0.621907;0.148402;0.805802;10.024654;0
-0.592890;0.141751;0.805802;10.024654;0
-0.564065;0.139038;0.803644;10.024654;0
-0.536496;0.141760;0.803644;10.024654;0
-0.508693;0.150808;0.803644;10.024654;0
-0.472349;0.161814;0.801357;10.024654;0
-0.444838;0.157328;0.801357;10.024654;0
-0.418456;0.152046;0.801357;10.024654;0
-0.392334;0.150027;0.798843;10.024654;0
-0.367399;0.150262;0.798843;10.024654;0
-0.335689;0.137085;0.798843;10.024654;0
-0.312818;0.126282;0.796008;10.024654;0
-0.290511;0.123307;0.796008;10.024654;0
-0.269490;0.124895;0.796008;10.024654;0
-0.243192;0.113959;0.792772;10.024654;0
-0.224121;0.106762;0.792772;10.024654;0
-0.206320;0.106351;0.792772;10.024654;0
-0.189073;0.113017;0.789062;10.024654;0
-0.172929;0.114392;0.789062;10.024654;0
-0.152861;0.107877;0.784823;10.024654;0
-0.138322;0.107148;0.784823;10.024654;0
-0.124501;0.111021;0.784823;10.024654;0
-0.111546;0.114923;0.780008;10.024654;0
-0.099148;0.110594;0.780008;10.024654;0
-0.083715;0.097321;0.780008;10.024654;0
-0.072904;0.090947;0.774588;10.024654;0
-0.062409;0.090988;0.774588;10.024654;0
-0.052363;0.085808;0.774588;10.024654;0
-0.042627;0.074910;0.768549;10.024654;0
-0.030667;0.071732;0.768549;10.024654;0
-0.022082;0.080507;0.761891;10.024654;0
-0.013691;0.089078;0.761891;10.024654;0
-0.005775;0.086014;0.761891;10.024654;0
0.001970;0.082505;0.754634;10.024654;0
0.011760;0.087540;0.754634;10.024654;0
0.018727;0.098033;0.754634;10.024654;0
0.025758;0.108447;0.746813;10.024654;0
0.032962;0.105208;0.746813;10.024654;0
0.040904;0.096650;0.746813;10.024654;0
-0.250549;0.087602;0.738487;10.024654;0
-0.251450;0.085342;0.738487;10.024654;0
-0.252919;0.083626;0.729730;10.024654;0
-0.255423;0.068505;0.729730;10.024654;0
-0.257807;0.062373;0.729730;10.024654;0
-0.260428;0.066309;0.720634;10.024654;0
-0.262991;0.079600;0.720634;10.024654;0
-0.265311;0.097468;0.720634;10.024654;0
-0.267567;0.106154;0.711300;10.024654;0
-0.268609;0.111276;0.711300;10.024654;0
-0.268996;0.119166;0.701835;10.024654;0
-0.268515;0.132070;0.701835;10.024654;0
-0.267020;0.149727;0.701835;10.024654;0
-0.263060;0.161147;0.692359;10.024654;0
-0.258593;0.159534;0.692359;10.024654;0
-0.253163;0.159266;0.682996;10.024654;0
-0.246772;0.163203;0.682996;10.024654;0
-0.236294;0.176105;0.673883;10.024654;0
-0.227012;0.174710;0.673883;10.024654;0
-0.216609;0.161369;0.665158;10.024654;0
-0.205662;0.146343;0.665158;10.024654;0
-0.194087;0.138174;0.665158;10.024654;0
-0.178124;0.142727;0.656970;10.024654;0
-0.164980;0.143871;0.656970;10.024654;0
-0.151493;0.133272;0.649469;10.024654;0
-0.138077;0.125290;0.649469;10.024654;0
-0.124566;0.125900;0.642807;10.024654;0
-0.106377;0.139442;0.637133;10.024654;0
-0.092530;0.143399;0.637133;10.024654;0
-0.078794;0.141500;0.632590;10.024654;0
-0.065223;0.145103;0.632590;10.024654;0
-0.051837;0.153590;0.629307;10.024654;0
-0.037047;0.158465;0.629307;10.024654;0
-0.021978;0.141112;0.627399;10.024654;0
-0.009491;0.126534;0.626958;10.024654;0
0.002503;0.119382;0.626958;10.024654;0
0.014046;0.119574;0.628045;10.024654;0
0.029484;0.117558;0.628045;10.024654;0
0.040809;0.102592;0.630691;10.024654;0
0.052031;0.091972;0.634891;10.024654;0
0.063407;0.089941;0.634891;10.024654;0
0.074221;0.097794;0.640598;10.024654;0
0.089478;0.109065;0.647728;10.024654;0
0.100952;0.100634;0.647728;10.024654;0
0.113499;0.090851;0.656157;10.024654;0
0.126459;0.087679;0.665720;10.024654;0
0.140020;0.093599;0.665720;10.024654;0
0.159782;0.100841;0.676221;10.024654;0
0.177117;0.089488;0.687426;10.024654;0
0.197179;0.079477;0.687426;10.024654;0
0.220678;0.077680;0.699076;10.024654;0
-0.815972;0.046160;0.699076;10.024654;0
-0.835066;0.026608;0.710886;10.024654;0
-0.850735;0.009330;0.710886;10.024654;0
-0.867472;0.003766;0.722568;10.024654;0
-0.885689;0.013089;0.722568;10.024654;0
-0.906408;0.035172;0.733852;10.024654;0
-0.930744;0.061647;0.733852;10.024654;0
-0.949473;0.071024;0.744488;10.024654;0
-0.968081;0.079830;0.744488;10.024654;0
-0.985702;0.090374;0.744488;10.024654;0
-1.000000;0.101544;0.754251;10.024654;0
-1.000000;0.102520;0.754251;10.024654;0
-1.000000;0.102968;0.762938;10.024654;0
-1.000000;0.109045;0.762938;10.024654;0
-1.000000;0.119819;0.762938;10.024654;0
-1.000000;0.132507;0.770373;10.024654;0
-1.000000;0.143347;0.770373;10.024654;0
-1.000000;0.140480;0.770373;10.024654;0
-1.000000;0.138267;0.776406;10.024654;0
-1.000000;0.139487;0.776406;10.024654;0
-1.000000;0.147525;0.776406;10.024654;0
-1.000000;0.147460;0.776406;10.024654;0
-1.000000;0.142666;0.780913;10.024654;0
-1.000000;0.140852;0.780913;10.024654;0
-0.987226;0.147081;0.780913;10.024654;0
-0.967640;0.154291;0.783795;10.024654;0
-0.946516;0.155281;0.783795;10.024654;0
-0.923001;0.153027;0.783795;10.024654;0
-0.898600;0.153772;0.784978;10.024654;0
-0.864127;0.162350;0.784978;10.024654;0
-0.837038;0.163362;0.784978;10.024654;0
-0.808625;0.159578;0.784413;10.024654;0
-0.779692;0.158472;0.784413;10.024654;0
-0.750894;0.162603;0.784413;10.024654;0
-0.712367;0.175576;0.782077;10.024654;0
-0.682806;0.179244;0.782077;10.024654;0
-0.652644;0.174554;0.782077;10.024654;0
-0.623280;0.154322;0.782077;10.024654;0
-0.594217;0.128303;0.777971;10.024654;0
-0.557521;0.103521;0.777971;10.024654;0
-0.530377;0.088452;0.777971;10.024654;0
-0.505671;0.084351;0.772121;10.024654;0
-0.481434;0.095009;0.772121;10.024654;0
-0.458024;0.117708;0.772121;10.024654;0
-0.427788;0.150663;0.764576;10.024654;0
-0.405979;0.161286;0.764576;10.024654;0
-0.384928;0.165297;0.764576;10.024654;0
-0.364649;0.170856;0.755412;10.024654;0
-0.339283;0.182698;0.755412;10.024654;0
-0.320875;0.192004;0.755412;10.024654;0
-0.302683;0.190775;0.744728;10.024654;0
